3600         0.24613777350312        -0.328885423796575
3610         0.2476468352964         -0.32870025284136
3620         0.249156597963696       -0.328514809527003
3630         0.250667064726641       -0.328329093509537
3640         0.252178238813138       -0.32814310444351
7200         0.865381645871804       -0.240911564150588
7210         0.867421466948915       -0.240594444531905
7220         0.869463803404502       -0.240276837354886
7230         0.871508662798951       -0.239958741922627
7240         0.873556052708779       -0.239640157540331
10800        1.82517692232692        -0.0961381774627953
10810        1.82862104579668        -0.0956919958316707
10820        1.83206974908906        -0.0952461700716497
10830        1.83552302515825        -0.0948007093884806
10840        1.83898086679832        -0.0943556230381664